1527573
2911737
3411361
3411363
7143039
7525247
7666162
8327188
8506287
8626544
8643559
8782876
8821047
8822372
8856698
8985892
8999874
9045694
9048311
9062671
9119908
9125442
9242295
9243801
9310433
9405570
9425187
9507975
9514310
9548253
9697119
9830016
10024363
10400678
10471078
10684867
10762373
10886326
10961661
10978169
11044594
11102481
11143378
11161632
11226671
11403963
11489449
11553282
11591455
11860483
11932745
11978821
11991763
11994131
12064471
12081630
12106676
12111860
12153480
12163529
12167777
12421354
12423249
12468047
12475558
12483089
12542699
12573519
12582054
12609492
12612044
12622405
12663096
12665519
12686573
12710980
12738769
12753091
12843253
12878717
14501002
14511817
14523085
14598316
14622238
14644478
14684860
14750659
14977068
15126696
15147906
15240796
15312168
15319009
15452193
15473868
15522999
15537891
15590736
15642747
15665416
15670587
15670741
15709474
15743924
15772078
15834427
15890777
16009352
16029963
16042545
16120778
16135089
16150730
16154266
16192371
16207884
16246051
16269541
16291944
16298517
16310349
16344151
16352719
16424458
16424917
16425835
16443723
16462598
16469784
16481461
16510727
16510934
16530860
16611808
16712492
16738219
16792288
16817864
16820000
16855111
16897723
16930422
16941495
16952349
16959224
16989956
17011596
17071239
17071240
17115042
17156133
17196560
17223266
17250683
17267580
17299028
17320856
17360898
17376847
17388990
17413011
17447891
17504105
17518535
17521576
17543390
17595112
17623048
17632186
17692997
17714196
17855343
17942121
17946968
17956317
18003881
18045918
18156464
18160425
18182054
18216207
18223003
18258746
18279330
18352837
18367605
18417702
18559096
18568035
18602971
18634852
18655777
18678563
18797249
18801112
18805725
19046381
19059464
19118538
19155551
19163917
19233174
19355846
19384585
19406747
19424783
19473361
19474171
19501064
19503083
19515926
19545277
19615394
19625511
19630976
19644042
19667187
19671883
19741132
19769964
19804657
19809865
19864582
19889998
19898469
19904005
19906983
20056779
20074637
20130188
20377305
20382224
20403782
20434435
20534484
20702719
20720502
20828565
20881132
20884766
20953686
20967581
20980598
21048123
21096002
21168496
21238487
21248115
21273313
21362567
21454543
21494637
21593310
21698001
21828077
21857923
21972245
22021914
22157115
22171043
22228096
22248638
22315971
22363216
22433811
22466550
22496527
22534020
22539006
22570195
22615783
22639965
22647713
22649237
22736029
22773119
22988862
22988877
23075850
23082216
23125283
23231918
23241745
23366234
23367398
23396536
23455607
23543888
23564299
23646112
23721786
24025585
24075852
24167564
24282027
24459295
24652679
24725412
24754922
24830390
24840308
24874075
24921388
24993787
25017139
25174649
25174890
25251388
25309331
25365422
25531084
25731749
25830304
26123485
26159606
26253900
26269629
26363496
26546614
